0.000000
0.000000
0.000000
0.000000
0.000000
0.000000
0.000000
0.000000
0.000000
0.000000
0.000000
0.000000
0.000000
0.000000
0.000000
0.000000
0.000000
0.000000
0.000000
0.000000
0.000000
0.000000
0.003922
0.015686
0.019608
0.003922
0.000000
0.000000
0.000000
0.000000
0.000000
0.000000
0.000000
0.000000
0.000000
0.003922
0.043137
0.090196
0.137255
0.215686
0.211765
0.098039
0.011765
0.000000
0.000000
0.000000
0.000000
0.000000
0.000000
0.000000
0.003922
0.086275
0.305882
0.478431
0.568627
0.682353
0.647059
0.427451
0.133333
0.011765
0.000000
0.000000
0.000000
0.000000
0.000000
0.007843
0.082353
0.345098
0.721569
0.878431
0.811765
0.741176
0.737255
0.733333
0.443137
0.090196
0.000000
0.000000
0.000000
0.000000
0.000000
0.047059
0.290196
0.662745
0.854902
0.756863
0.462745
0.247059
0.364706
0.733333
0.713726
0.215686
0.000000
0.000000
0.000000
0.000000
0.000000
0.082353
0.415686
0.737255
0.639216
0.352941
0.101961
0.019608
0.215686
0.686275
0.756863
0.286275
0.015686
0.000000
0.000000
0.000000
0.000000
0.043137
0.247059
0.435294
0.301961
0.078431
0.039216
0.141176
0.411765
0.682353
0.549020
0.203922
0.023529
0.000000
0.000000
0.000000
0.000000
0.007843
0.043137
0.082353
0.050980
0.043137
0.219608
0.509804
0.698039
0.568627
0.231373
0.082353
0.011765
0.000000
0.000000
0.000000
0.000000
0.000000
0.000000
0.000000
0.000000
0.101961
0.478431
0.772549
0.584314
0.329412
0.317647
0.325490
0.133333
0.015686
0.000000
0.000000
0.000000
0.000000
0.000000
0.000000
0.003922
0.160784
0.619608
0.764706
0.388235
0.396078
0.698039
0.772549
0.494118
0.133333
0.007843
0.000000
0.000000
0.000000
0.000000
0.000000
0.015686
0.211765
0.678431
0.839216
0.619608
0.709804
0.847059
0.843137
0.756863
0.349020
0.047059
0.000000
0.000000
0.000000
0.000000
0.000000
0.019608
0.164706
0.517647
0.831373
0.878431
0.784314
0.564706
0.439216
0.501961
0.313726
0.054902
0.000000
0.000000
0.000000
0.000000
0.000000
0.003922
0.031373
0.184314
0.509804
0.678431
0.458824
0.168627
0.066667
0.101961
0.066667
0.007843
0.000000
0.000000
0.000000
0.000000
0.000000
0.000000
0.000000
0.019608
0.121569
0.196078
0.098039
0.011765
0.000000
0.000000
0.000000
0.000000
0.000000
0.000000
0.000000
0.000000
0.000000
0.000000
0.000000
0.000000
0.000000
0.000000
0.000000
0.000000
0.000000
0.000000
0.000000
0.000000
0.000000
